Tamanho: 999, Tempo: 0.000863 segundos
Tamanho: 999, Tempo: 0.000006 segundos
Tamanho: 999, Tempo: 0.000439 segundos
Tamanho: 100, Tempo: 0.000006 segundos
