Tamanho: 10, Tempo: 0.000002 segundos
Tamanho: 100, Tempo: 0.000011 segundos
Tamanho: 100, Tempo: 0.000001 segundos
Tamanho: 100, Tempo: 0.000006 segundos
